$MeshFormat
2.2 0 8
$EndMeshFormat
$PhysicalNames
2
1 1 "Freestream"
2 2 "Flow"
$EndPhysicalNames
$Nodes
289
1 0 0 0
2 1 0 0
3 1 1 0
4 0 1 0
5 0.06249999999987061 0 0
6 0.1249999999997738 0 0
7 0.1874999999995911 0 0
8 0.2499999999994083 0 0
9 0.3124999999992242 0 0
10 0.37499999999904 0 0
11 0.4374999999988559 0 0
12 0.4999999999986718 0 0
13 0.5624999999988378 0 0
14 0.6249999999990038 0 0
15 0.6874999999991699 0 0
16 0.7499999999993359 0 0
17 0.812499999999502 0 0
18 0.8749999999996679 0 0
19 0.937499999999834 0 0
20 1 0.06249999999987061 0
21 1 0.1249999999997738 0
22 1 0.1874999999995911 0
23 1 0.2499999999994083 0
24 1 0.3124999999992242 0
25 1 0.37499999999904 0
26 1 0.4374999999988559 0
27 1 0.4999999999986718 0
28 1 0.5624999999988378 0
29 1 0.6249999999990038 0
30 1 0.6874999999991699 0
31 1 0.7499999999993359 0
32 1 0.812499999999502 0
33 1 0.8749999999996679 0
34 1 0.937499999999834 0
35 0.937500000000032 1 0
36 0.8750000000000254 1 0
37 0.8125000000002577 1 0
38 0.7500000000004128 1 0
39 0.6875000000007041 1 0
40 0.6250000000009509 1 0
41 0.5625000000010975 1 0
42 0.5000000000013305 1 0
43 0.4375000000011642 1 0
44 0.3750000000009979 1 0
45 0.3125000000008316 1 0
46 0.2500000000006652 1 0
47 0.1875000000004989 1 0
48 0.1250000000003326 1 0
49 0.06250000000016631 1 0
50 0 0.937500000000032 0
51 0 0.8750000000000254 0
52 0 0.8125000000002577 0
53 0 0.7500000000004128 0
54 0 0.6875000000007041 0
55 0 0.6250000000009509 0
56 0 0.5625000000010975 0
57 0 0.5000000000013305 0
58 0 0.4375000000011642 0
59 0 0.3750000000009979 0
60 0 0.3125000000008316 0
61 0 0.2500000000006652 0
62 0 0.1875000000004989 0
63 0 0.1250000000003326 0
64 0 0.06250000000016631 0
65 0.5000000000000011 0.5000000000000011 0
66 0.2500000000000006 0.5000000000006658 0
67 0.5000000000006658 0.7500000000000006 0
68 0.2500000000003329 0.7500000000002067 0
69 0.4999999999993364 0.2500000000000006 0
70 0.2499999999997044 0.2500000000003329 0
71 0.7500000000000006 0.4999999999993364 0
72 0.7499999999996683 0.2499999999997044 0
73 0.7500000000002067 0.7499999999996682 0
74 0.1250000000001665 0.7500000000003098 0
75 0.250000000000499 0.8750000000001034 0
76 0.1250000000002495 0.8750000000000644 0
77 0.1250000000000003 0.5000000000009981 0
78 0.2500000000001668 0.6250000000004363 0
79 0.1250000000000834 0.6250000000006937 0
80 0.3750000000000008 0.5000000000003335 0
81 0.5000000000003335 0.6250000000000009 0
82 0.3750000000004994 0.7500000000001037 0
83 0.3750000000002501 0.6250000000002186 0
84 0.5000000000009981 0.8750000000000002 0
85 0.3750000000007486 0.8750000000000517 0
86 0.1249999999998522 0.250000000000499 0
87 0.2499999999998525 0.3750000000004994 0
88 0.1249999999999263 0.3750000000007486 0
89 0.2499999999995564 0.1250000000001665 0
90 0.124999999999813 0.1250000000002495 0
91 0.4999999999990041 0.1250000000000003 0
92 0.3749999999995204 0.2500000000001668 0
93 0.3749999999992802 0.1250000000000834 0
94 0.4999999999996688 0.3750000000000008 0
95 0.3749999999997606 0.3750000000002501 0
96 0.6249999999995024 0.2499999999998525 0
97 0.7499999999998344 0.3749999999995204 0
98 0.6250000000000009 0.4999999999996688 0
99 0.6249999999997516 0.3749999999997606 0
100 0.7499999999995021 0.1249999999998522 0
101 0.6249999999992532 0.1249999999999263 0
102 0.8749999999998341 0.2499999999995564 0
103 0.8749999999997511 0.124999999999813 0
104 0.8750000000000002 0.4999999999990041 0
105 0.8749999999999172 0.3749999999992802 0
106 0.6250000000004363 0.7499999999998344 0
107 0.7500000000003098 0.8749999999998341 0
108 0.6250000000006937 0.8749999999999172 0
109 0.7500000000001037 0.6249999999995023 0
110 0.6250000000002187 0.6249999999997515 0
111 0.8750000000001034 0.749999999999502 0
112 0.8750000000000517 0.624999999999253 0
113 0.8750000000000644 0.8749999999997509 0
114 0.06250000000012476 0.8750000000000449 0
115 0.1250000000002911 0.9375000000000322 0
116 0.06250000000014554 0.9375000000000321 0
117 0.06250000000008323 0.7500000000003613 0
118 0.125000000000208 0.8125000000001871 0
119 0.062500000000104 0.8125000000002224 0
120 0.1875000000002497 0.7500000000002582 0
121 0.250000000000416 0.812500000000155 0
122 0.1875000000003743 0.8750000000000839 0
123 0.187500000000312 0.812500000000171 0
124 0.2500000000005821 0.9375000000000517 0
125 0.1875000000004367 0.937500000000042 0
126 0.06250000000004169 0.6250000000008222 0
127 0.1250000000001249 0.6875000000005017 0
128 0.06250000000006245 0.6875000000006029 0
129 0.06250000000000014 0.5000000000011643 0
130 0.1250000000000418 0.5625000000008459 0
131 0.06250000000002091 0.5625000000009717 0
132 0.1875000000000004 0.500000000000832 0
133 0.2500000000000837 0.5625000000005511 0
134 0.1875000000001251 0.625000000000565 0
135 0.1875000000000628 0.5625000000006984 0
136 0.2500000000002498 0.6875000000003215 0
137 0.1875000000001874 0.6875000000004116 0
138 0.3125000000002084 0.6250000000003275 0
139 0.3750000000003748 0.6875000000001612 0
140 0.3125000000004161 0.7500000000001552 0
141 0.3125000000003123 0.6875000000002414 0
142 0.3125000000000007 0.5000000000004996 0
143 0.3750000000001255 0.562500000000276 0
144 0.3125000000001045 0.5625000000004136 0
145 0.437500000000001 0.5000000000001673 0
146 0.5000000000001673 0.562500000000001 0
147 0.4375000000002918 0.6250000000001097 0
148 0.4375000000001464 0.5625000000001384 0
149 0.5000000000004996 0.6875000000000007 0
150 0.4375000000005826 0.7500000000000522 0
151 0.4375000000004372 0.6875000000000809 0
152 0.3125000000006238 0.8750000000000775 0
153 0.3750000000008732 0.9375000000000259 0
154 0.3125000000007276 0.9375000000000386 0
155 0.3750000000006239 0.8125000000000777 0
156 0.31250000000052 0.8125000000001164 0
157 0.500000000000832 0.8125000000000004 0
158 0.4375000000008733 0.875000000000026 0
159 0.437500000000728 0.8125000000000391 0
160 0.5000000000011643 0.9375000000000001 0
161 0.4375000000010187 0.937500000000013 0
162 0.06249999999996313 0.3750000000008732 0
163 0.1249999999999633 0.4375000000008733 0
164 0.06249999999998163 0.4375000000010187 0
165 0.06249999999992611 0.2500000000005821 0
166 0.1249999999998892 0.3125000000006238 0
167 0.06249999999994461 0.3125000000007276 0
168 0.1874999999997783 0.250000000000416 0
169 0.2499999999997785 0.3125000000004161 0
170 0.1874999999998894 0.3750000000006239 0
171 0.1874999999998338 0.31250000000052 0
172 0.2499999999999265 0.4375000000005826 0
173 0.1874999999999449 0.437500000000728 0
174 0.06249999999990651 0.1250000000002911 0
175 0.1249999999998326 0.1875000000003743 0
176 0.06249999999991631 0.1875000000004366 0
177 0.1249999999997934 0.06250000000012476 0
178 0.06249999999988856 0.06250000000014554 0
179 0.2499999999994823 0.06250000000008323 0
180 0.1874999999996847 0.125000000000208 0
181 0.1874999999996379 0.062500000000104 0
182 0.2499999999996304 0.1875000000002497 0
183 0.1874999999997315 0.187500000000312 0
184 0.3124999999994183 0.1250000000001249 0
185 0.3749999999994004 0.1875000000001251 0
186 0.3124999999996124 0.2500000000002498 0
187 0.3124999999995154 0.1875000000001874 0
188 0.3749999999991601 0.06250000000004169 0
189 0.3124999999993212 0.06250000000006245 0
190 0.4999999999988379 0.06250000000000014 0
191 0.4374999999991422 0.1250000000000418 0
192 0.437499999998999 0.06250000000002091 0
193 0.4999999999991703 0.1875000000000004 0
194 0.4374999999994285 0.2500000000000837 0
195 0.4374999999992853 0.1875000000000627 0
196 0.3124999999998066 0.3750000000003748 0
197 0.3749999999998808 0.4375000000002918 0
198 0.3124999999999036 0.4375000000004372 0
199 0.3749999999996405 0.3125000000002084 0
200 0.3124999999997095 0.3125000000003123 0
201 0.4999999999995026 0.3125000000000007 0
202 0.4374999999997147 0.3750000000001255 0
203 0.4374999999995716 0.3125000000001045 0
204 0.4999999999998349 0.437500000000001 0
205 0.4374999999998578 0.4375000000001464 0
206 0.5624999999997102 0.3749999999998808 0
207 0.6249999999998763 0.4374999999997147 0
208 0.562500000000001 0.4999999999998349 0
209 0.5624999999998557 0.4374999999998578 0
210 0.5624999999994194 0.2499999999999265 0
211 0.624999999999627 0.3124999999998066 0
212 0.5624999999995648 0.3124999999999036 0
213 0.6874999999995853 0.2499999999997785 0
214 0.7499999999997513 0.3124999999996124 0
215 0.6874999999997931 0.3749999999996405 0
216 0.6874999999996891 0.3124999999997095 0
217 0.7499999999999174 0.4374999999994285 0
218 0.6875000000000007 0.4999999999995026 0
219 0.6874999999998969 0.4374999999995716 0
220 0.5624999999991287 0.1249999999999633 0
221 0.6249999999993778 0.1874999999998894 0
222 0.562499999999274 0.1874999999999449 0
223 0.6249999999991285 0.06249999999996313 0
224 0.5624999999989833 0.06249999999998163 0
225 0.7499999999994189 0.06249999999992611 0
226 0.6874999999993776 0.1249999999998892 0
227 0.6874999999992737 0.06249999999994461 0
228 0.7499999999995852 0.1874999999997783 0
229 0.6874999999994815 0.1874999999998338 0
230 0.8124999999996265 0.1249999999998326 0
231 0.8749999999997926 0.1874999999996847 0
232 0.8124999999997512 0.2499999999996304 0
233 0.8124999999996889 0.1874999999997315 0
234 0.8749999999997096 0.06249999999990651 0
235 0.8124999999995643 0.06249999999991631 0
236 0.9374999999998755 0.1249999999997934 0
237 0.9374999999998548 0.06249999999988856 0
238 0.9374999999999171 0.2499999999994823 0
239 0.9374999999998963 0.1874999999996379 0
240 0.8124999999998758 0.3749999999994004 0
241 0.8749999999999587 0.4374999999991422 0
242 0.8125000000000004 0.4999999999991703 0
243 0.812499999999938 0.4374999999992853 0
244 0.8749999999998757 0.3124999999994183 0
245 0.8124999999998135 0.3124999999995154 0
246 0.9374999999999586 0.3749999999991601 0
247 0.9374999999999378 0.3124999999993212 0
248 0.9375000000000001 0.4999999999988379 0
249 0.9374999999999793 0.437499999998999 0
250 0.5625000000008459 0.8749999999999587 0
251 0.6250000000008222 0.9374999999999586 0
252 0.5625000000009717 0.9374999999999793 0
253 0.5625000000005511 0.7499999999999174 0
254 0.625000000000565 0.8124999999998758 0
255 0.5625000000006984 0.812499999999938 0
256 0.6875000000003215 0.7499999999997513 0
257 0.7500000000002582 0.8124999999997511 0
258 0.6875000000005017 0.8749999999998757 0
259 0.6875000000004116 0.8124999999998135 0
260 0.7500000000003613 0.9374999999999171 0
261 0.6875000000006029 0.9374999999999378 0
262 0.5625000000002761 0.6249999999998762 0
263 0.6250000000003275 0.6874999999997929 0
264 0.5625000000004137 0.6874999999998969 0
265 0.6250000000001098 0.5624999999997101 0
266 0.5625000000001386 0.5624999999998556 0
267 0.7500000000000522 0.5624999999994194 0
268 0.6875000000001612 0.624999999999627 0
269 0.6875000000000808 0.5624999999995648 0
270 0.7500000000001552 0.6874999999995852 0
271 0.6875000000002414 0.6874999999996891 0
272 0.8125000000000777 0.6249999999993776 0
273 0.8750000000000775 0.6874999999993775 0
274 0.812500000000155 0.749999999999585 0
275 0.8125000000001162 0.6874999999994813 0
276 0.875000000000026 0.5624999999991286 0
277 0.8125000000000391 0.562499999999274 0
278 0.9375000000000259 0.6249999999991285 0
279 0.937500000000013 0.5624999999989833 0
280 0.9375000000000517 0.7499999999994189 0
281 0.9375000000000389 0.6874999999992737 0
282 0.8125000000001871 0.8749999999997925 0
283 0.8750000000000449 0.9374999999998754 0
284 0.8125000000002224 0.9374999999998962 0
285 0.8750000000000839 0.8124999999996264 0
286 0.812500000000171 0.8124999999996887 0
287 0.9375000000000322 0.8749999999997093 0
288 0.937500000000042 0.8124999999995641 0
289 0.9375000000000321 0.9374999999998548 0
$EndNodes
$Elements
320
1 1 2 1 1 1 5
2 1 2 1 1 5 6
3 1 2 1 1 6 7
4 1 2 1 1 7 8
5 1 2 1 1 8 9
6 1 2 1 1 9 10
7 1 2 1 1 10 11
8 1 2 1 1 11 12
9 1 2 1 1 12 13
10 1 2 1 1 13 14
11 1 2 1 1 14 15
12 1 2 1 1 15 16
13 1 2 1 1 16 17
14 1 2 1 1 17 18
15 1 2 1 1 18 19
16 1 2 1 1 19 2
17 1 2 1 2 2 20
18 1 2 1 2 20 21
19 1 2 1 2 21 22
20 1 2 1 2 22 23
21 1 2 1 2 23 24
22 1 2 1 2 24 25
23 1 2 1 2 25 26
24 1 2 1 2 26 27
25 1 2 1 2 27 28
26 1 2 1 2 28 29
27 1 2 1 2 29 30
28 1 2 1 2 30 31
29 1 2 1 2 31 32
30 1 2 1 2 32 33
31 1 2 1 2 33 34
32 1 2 1 2 34 3
33 1 2 1 3 3 35
34 1 2 1 3 35 36
35 1 2 1 3 36 37
36 1 2 1 3 37 38
37 1 2 1 3 38 39
38 1 2 1 3 39 40
39 1 2 1 3 40 41
40 1 2 1 3 41 42
41 1 2 1 3 42 43
42 1 2 1 3 43 44
43 1 2 1 3 44 45
44 1 2 1 3 45 46
45 1 2 1 3 46 47
46 1 2 1 3 47 48
47 1 2 1 3 48 49
48 1 2 1 3 49 4
49 1 2 1 4 4 50
50 1 2 1 4 50 51
51 1 2 1 4 51 52
52 1 2 1 4 52 53
53 1 2 1 4 53 54
54 1 2 1 4 54 55
55 1 2 1 4 55 56
56 1 2 1 4 56 57
57 1 2 1 4 57 58
58 1 2 1 4 58 59
59 1 2 1 4 59 60
60 1 2 1 4 60 61
61 1 2 1 4 61 62
62 1 2 1 4 62 63
63 1 2 1 4 63 64
64 1 2 1 4 64 1
65 3 2 2 7 4 50 116 49
66 3 2 2 7 50 51 114 116
67 3 2 2 7 116 114 76 115
68 3 2 2 7 49 116 115 48
69 3 2 2 7 51 52 119 114
70 3 2 2 7 52 53 117 119
71 3 2 2 7 119 117 74 118
72 3 2 2 7 114 119 118 76
73 3 2 2 7 76 118 123 122
74 3 2 2 7 118 74 120 123
75 3 2 2 7 123 120 68 121
76 3 2 2 7 122 123 121 75
77 3 2 2 7 48 115 125 47
78 3 2 2 7 115 76 122 125
79 3 2 2 7 125 122 75 124
80 3 2 2 7 47 125 124 46
81 3 2 2 7 53 54 128 117
82 3 2 2 7 54 55 126 128
83 3 2 2 7 128 126 79 127
84 3 2 2 7 117 128 127 74
85 3 2 2 7 55 56 131 126
86 3 2 2 7 56 57 129 131
87 3 2 2 7 131 129 77 130
88 3 2 2 7 126 131 130 79
89 3 2 2 7 79 130 135 134
90 3 2 2 7 130 77 132 135
91 3 2 2 7 135 132 66 133
92 3 2 2 7 134 135 133 78
93 3 2 2 7 74 127 137 120
94 3 2 2 7 127 79 134 137
95 3 2 2 7 137 134 78 136
96 3 2 2 7 120 137 136 68
97 3 2 2 7 68 136 141 140
98 3 2 2 7 136 78 138 141
99 3 2 2 7 141 138 83 139
100 3 2 2 7 140 141 139 82
101 3 2 2 7 78 133 144 138
102 3 2 2 7 133 66 142 144
103 3 2 2 7 144 142 80 143
104 3 2 2 7 138 144 143 83
105 3 2 2 7 83 143 148 147
106 3 2 2 7 143 80 145 148
107 3 2 2 7 148 145 65 146
108 3 2 2 7 147 148 146 81
109 3 2 2 7 82 139 151 150
110 3 2 2 7 139 83 147 151
111 3 2 2 7 151 147 81 149
112 3 2 2 7 150 151 149 67
113 3 2 2 7 46 124 154 45
114 3 2 2 7 124 75 152 154
115 3 2 2 7 154 152 85 153
116 3 2 2 7 45 154 153 44
117 3 2 2 7 75 121 156 152
118 3 2 2 7 121 68 140 156
119 3 2 2 7 156 140 82 155
120 3 2 2 7 152 156 155 85
121 3 2 2 7 85 155 159 158
122 3 2 2 7 155 82 150 159
123 3 2 2 7 159 150 67 157
124 3 2 2 7 158 159 157 84
125 3 2 2 7 44 153 161 43
126 3 2 2 7 153 85 158 161
127 3 2 2 7 161 158 84 160
128 3 2 2 7 43 161 160 42
129 3 2 2 7 57 58 164 129
130 3 2 2 7 58 59 162 164
131 3 2 2 7 164 162 88 163
132 3 2 2 7 129 164 163 77
133 3 2 2 7 59 60 167 162
134 3 2 2 7 60 61 165 167
135 3 2 2 7 167 165 86 166
136 3 2 2 7 162 167 166 88
137 3 2 2 7 88 166 171 170
138 3 2 2 7 166 86 168 171
139 3 2 2 7 171 168 70 169
140 3 2 2 7 170 171 169 87
141 3 2 2 7 77 163 173 132
142 3 2 2 7 163 88 170 173
143 3 2 2 7 173 170 87 172
144 3 2 2 7 132 173 172 66
145 3 2 2 7 61 62 176 165
146 3 2 2 7 62 63 174 176
147 3 2 2 7 176 174 90 175
148 3 2 2 7 165 176 175 86
149 3 2 2 7 63 64 178 174
150 3 2 2 7 64 1 5 178
151 3 2 2 7 178 5 6 177
152 3 2 2 7 174 178 177 90
153 3 2 2 7 90 177 181 180
154 3 2 2 7 177 6 7 181
155 3 2 2 7 181 7 8 179
156 3 2 2 7 180 181 179 89
157 3 2 2 7 86 175 183 168
158 3 2 2 7 175 90 180 183
159 3 2 2 7 183 180 89 182
160 3 2 2 7 168 183 182 70
161 3 2 2 7 70 182 187 186
162 3 2 2 7 182 89 184 187
163 3 2 2 7 187 184 93 185
164 3 2 2 7 186 187 185 92
165 3 2 2 7 89 179 189 184
166 3 2 2 7 179 8 9 189
167 3 2 2 7 189 9 10 188
168 3 2 2 7 184 189 188 93
169 3 2 2 7 93 188 192 191
170 3 2 2 7 188 10 11 192
171 3 2 2 7 192 11 12 190
172 3 2 2 7 191 192 190 91
173 3 2 2 7 92 185 195 194
174 3 2 2 7 185 93 191 195
175 3 2 2 7 195 191 91 193
176 3 2 2 7 194 195 193 69
177 3 2 2 7 66 172 198 142
178 3 2 2 7 172 87 196 198
179 3 2 2 7 198 196 95 197
180 3 2 2 7 142 198 197 80
181 3 2 2 7 87 169 200 196
182 3 2 2 7 169 70 186 200
183 3 2 2 7 200 186 92 199
184 3 2 2 7 196 200 199 95
185 3 2 2 7 95 199 203 202
186 3 2 2 7 199 92 194 203
187 3 2 2 7 203 194 69 201
188 3 2 2 7 202 203 201 94
189 3 2 2 7 80 197 205 145
190 3 2 2 7 197 95 202 205
191 3 2 2 7 205 202 94 204
192 3 2 2 7 145 205 204 65
193 3 2 2 7 65 204 209 208
194 3 2 2 7 204 94 206 209
195 3 2 2 7 209 206 99 207
196 3 2 2 7 208 209 207 98
197 3 2 2 7 94 201 212 206
198 3 2 2 7 201 69 210 212
199 3 2 2 7 212 210 96 211
200 3 2 2 7 206 212 211 99
201 3 2 2 7 99 211 216 215
202 3 2 2 7 211 96 213 216
203 3 2 2 7 216 213 72 214
204 3 2 2 7 215 216 214 97
205 3 2 2 7 98 207 219 218
206 3 2 2 7 207 99 215 219
207 3 2 2 7 219 215 97 217
208 3 2 2 7 218 219 217 71
209 3 2 2 7 69 193 222 210
210 3 2 2 7 193 91 220 222
211 3 2 2 7 222 220 101 221
212 3 2 2 7 210 222 221 96
213 3 2 2 7 91 190 224 220
214 3 2 2 7 190 12 13 224
215 3 2 2 7 224 13 14 223
216 3 2 2 7 220 224 223 101
217 3 2 2 7 101 223 227 226
218 3 2 2 7 223 14 15 227
219 3 2 2 7 227 15 16 225
220 3 2 2 7 226 227 225 100
221 3 2 2 7 96 221 229 213
222 3 2 2 7 221 101 226 229
223 3 2 2 7 229 226 100 228
224 3 2 2 7 213 229 228 72
225 3 2 2 7 72 228 233 232
226 3 2 2 7 228 100 230 233
227 3 2 2 7 233 230 103 231
228 3 2 2 7 232 233 231 102
229 3 2 2 7 100 225 235 230
230 3 2 2 7 225 16 17 235
231 3 2 2 7 235 17 18 234
232 3 2 2 7 230 235 234 103
233 3 2 2 7 103 234 237 236
234 3 2 2 7 234 18 19 237
235 3 2 2 7 237 19 2 20
236 3 2 2 7 236 237 20 21
237 3 2 2 7 102 231 239 238
238 3 2 2 7 231 103 236 239
239 3 2 2 7 239 236 21 22
240 3 2 2 7 238 239 22 23
241 3 2 2 7 71 217 243 242
242 3 2 2 7 217 97 240 243
243 3 2 2 7 243 240 105 241
244 3 2 2 7 242 243 241 104
245 3 2 2 7 97 214 245 240
246 3 2 2 7 214 72 232 245
247 3 2 2 7 245 232 102 244
248 3 2 2 7 240 245 244 105
249 3 2 2 7 105 244 247 246
250 3 2 2 7 244 102 238 247
251 3 2 2 7 247 238 23 24
252 3 2 2 7 246 247 24 25
253 3 2 2 7 104 241 249 248
254 3 2 2 7 241 105 246 249
255 3 2 2 7 249 246 25 26
256 3 2 2 7 248 249 26 27
257 3 2 2 7 42 160 252 41
258 3 2 2 7 160 84 250 252
259 3 2 2 7 252 250 108 251
260 3 2 2 7 41 252 251 40
261 3 2 2 7 84 157 255 250
262 3 2 2 7 157 67 253 255
263 3 2 2 7 255 253 106 254
264 3 2 2 7 250 255 254 108
265 3 2 2 7 108 254 259 258
266 3 2 2 7 254 106 256 259
267 3 2 2 7 259 256 73 257
268 3 2 2 7 258 259 257 107
269 3 2 2 7 40 251 261 39
270 3 2 2 7 251 108 258 261
271 3 2 2 7 261 258 107 260
272 3 2 2 7 39 261 260 38
273 3 2 2 7 67 149 264 253
274 3 2 2 7 149 81 262 264
275 3 2 2 7 264 262 110 263
276 3 2 2 7 253 264 263 106
277 3 2 2 7 81 146 266 262
278 3 2 2 7 146 65 208 266
279 3 2 2 7 266 208 98 265
280 3 2 2 7 262 266 265 110
281 3 2 2 7 110 265 269 268
282 3 2 2 7 265 98 218 269
283 3 2 2 7 269 218 71 267
284 3 2 2 7 268 269 267 109
285 3 2 2 7 106 263 271 256
286 3 2 2 7 263 110 268 271
287 3 2 2 7 271 268 109 270
288 3 2 2 7 256 271 270 73
289 3 2 2 7 73 270 275 274
290 3 2 2 7 270 109 272 275
291 3 2 2 7 275 272 112 273
292 3 2 2 7 274 275 273 111
293 3 2 2 7 109 267 277 272
294 3 2 2 7 267 71 242 277
295 3 2 2 7 277 242 104 276
296 3 2 2 7 272 277 276 112
297 3 2 2 7 112 276 279 278
298 3 2 2 7 276 104 248 279
299 3 2 2 7 279 248 27 28
300 3 2 2 7 278 279 28 29
301 3 2 2 7 111 273 281 280
302 3 2 2 7 273 112 278 281
303 3 2 2 7 281 278 29 30
304 3 2 2 7 280 281 30 31
305 3 2 2 7 38 260 284 37
306 3 2 2 7 260 107 282 284
307 3 2 2 7 284 282 113 283
308 3 2 2 7 37 284 283 36
309 3 2 2 7 107 257 286 282
310 3 2 2 7 257 73 274 286
311 3 2 2 7 286 274 111 285
312 3 2 2 7 282 286 285 113
313 3 2 2 7 113 285 288 287
314 3 2 2 7 285 111 280 288
315 3 2 2 7 288 280 31 32
316 3 2 2 7 287 288 32 33
317 3 2 2 7 36 283 289 35
318 3 2 2 7 283 113 287 289
319 3 2 2 7 289 287 33 34
320 3 2 2 7 35 289 34 3
$EndElements
